200

0.24

0.09

0.02

0.0831419579723  0.00599921513287  -0.00460988817895 -0.0998936881438 1 0.0015
0.0906148529403  0.021073485401  -0.00286936848327 -0.0999588251457 1 0.0015
0.0731030414731  0.0181362843973  0.00104301347997 -0.0999945604665 1 0.0015
0.113721843515  0.0534668633013  -0.00646870808563 0.0997905597524 1 0.0015
0.0523093170275  0.0658958339603  -0.00807091606268 -0.0996737694376 1 0.0015
0.00758728755562  0.0193443873567  -0.00968241700745 -0.0995301502103 1 0.0015
0.0360842498309  0.0529890581251  -0.00221056485878 -0.0999755640294 1 0.0015
0.0769458752275  0.0661726889565  -0.00058710646534 -0.0999982765151 1 0.0015
0.0106956528895  0.0367554154344  0.000709883701399 -0.0999974802939 1 0.0015
0.114440042912  0.0375358915911  0.000830146333637 0.099996554226 1 0.0015
0.069014029404  0.0533343292047  0.00891829687207 0.0996015259969 1 0.0015
0.0120961271917  0.027056482313  0.00212820494085 0.0999773511538 1 0.0015
0.0783561605573  0.0304306777889  -0.00138169058784 0.0999904542 1 0.0015
0.0844142554451  0.0657537127737  -0.00943875429552 0.0995535530122 1 0.0015
0.0286881871951  0.0245265294271  -0.00565082850522 -0.0998402130266 1 0.0015
0.0920613476575  0.0314241166263  0.00406130167109 -0.0999174951084 1 0.0015
0.0303450617896  0.00758030448928  -0.00481634319668 -0.0998839468494 1 0.0015
0.00556843059179  0.0764322538703  -0.00984945420122 0.0995137591087 1 0.0015
0.110770692348  0.00490842159068  0.00793803308298 0.0996844402641 1 0.0015
0.0142600689116  0.0473468088017  -0.00895745536554 -0.0995980119951 1 0.0015
0.0401194214696  0.0392407676354  -0.00430554602648 0.0999072683713 1 0.0015
0.0323969441347  0.0157603192248  0.000814249674361 0.0999966849324 1 0.0015
0.107125222586  0.0120954171816  -0.00932677918912 0.0995641059316 1 0.0015
0.0515862596889  0.0408770243235  -0.00892781669967 0.0996006731352 1 0.0015
0.0213708608911  0.0318979425043  0.00316093450736 -0.0999500299802 1 0.0015
0.0650910740399  0.0570432743221  0.00254190633881 0.0999676883406 1 0.0015
0.100860495986  0.00991290500401  0.00426718301716 -0.0999089142624 1 0.0015
0.0467698509954  0.0407621431351  0.00740283171374 0.0997256139746 1 0.0015
0.00433607807648  0.0425814229362  0.00587772227567 -0.0998271124537 1 0.0015
0.050342033689  0.0456452453767  -0.00465100742338 0.0998917820942 1 0.0015
0.10966171345  0.0582497497864  0.0030046128283 -0.0999548513167 1 0.0015
0.117736970849  0.00578634351977  0.00987345806418 0.0995113803836 1 0.0015
0.112647886254  0.0477327414867  -0.00802247819815 0.0996776797661 1 0.0015
0.00852857225594  0.0628565397786  0.000422377456337 0.0999991079824 1 0.0015
0.0668048381398  0.0391058893049  -0.0037039451764 0.0999313804074 1 0.0015
0.102918904672  0.0544477707141  -0.00645683102193 -0.0997913289477 1 0.0015
0.0243665121463  0.0426266824219  -0.00618099534443 0.0998087936835 1 0.0015
0.0284810818625  0.0142837069997  0.0089292026708 0.0996005488924 1 0.0015
0.00558594264393  0.00488116654199  -0.00667952689091 -0.0997766702216 1 0.0015
0.0446235735703  0.0615006361769  0.00433325603419 0.0999060703468 1 0.0015
0.0854415952884  0.00860810051654  -0.00616325860665 -0.0998098905086 1 0.0015
0.0413895692872  0.0811875299336  -0.00904517121352 0.0995900842339 1 0.0015
0.091541377494  0.0606866239579  0.000509761935331 -0.0999987007054 1 0.0015
0.0449022841397  0.036203247241  -0.00686219820373 -0.0997642733438 1 0.0015
0.0950885423446  0.04420377463  0.00215572150995 0.0999767616237 1 0.0015
0.0485845988164  0.0177578264699  -0.00755099326643 -0.0997145049664 1 0.0015
0.0592713680857  0.0425517284117  0.00949240132771 -0.0995484521077 1 0.0015
0.0305451521453  0.0717932474098  0.00748246720328 0.0997196704996 1 0.0015
0.0229473131006  0.0291912952897  0.00446771100231 -0.0999001479398 1 0.0015
0.048420197629  0.077253477672  0.00790334667538 0.099687196326 1 0.0015
0.0991384519363  0.0498158403653  0.00461564887611 -0.0998934221331 1 0.0015
0.0266646096321  0.0288324796314  -0.00216870646282 -0.0999764807956 1 0.0015
0.0439161491177  0.0712436149271  -0.00283613900637 -0.0999597734868 1 0.0015
0.0486363739225  0.0131640490998  0.00848127586394 -0.0996396906846 1 0.0015
0.0861995818571  0.0847873261909  -0.00280343184849 0.0999606961254 1 0.0015
0.0707890784061  0.0429011905195  -0.00784673579523 0.0996916683448 1 0.0015
0.0724667064367  0.0548620444095  0.0042999635676 0.0999075087935 1 0.0015
0.118421732022  0.0507078006301  0.000125081121038 -0.0999999217735 1 0.0015
0.0239075403105  0.013584417689  -0.00695401583794 0.0997579152936 1 0.0015
0.00352275190034  0.0682208341478  -0.00405921299124 -0.0999175799842 1 0.0015
0.0212929006483  0.0185415287027  -0.00187120535561 -0.0999824914198 1 0.0015
0.101699092693  0.01348155339  -0.00862834815187 0.0996270626294 1 0.0015
0.0254750801388  0.0476674901137  -0.00585349480577 0.0998285359933 1 0.0015
0.0893605810964  0.0435263966558  -0.000836937437009 0.0999964976173 1 0.0015
0.0913349365084  0.00191078021046  -0.0047743264599 0.0998859640132 1 0.0015
0.107874577951  0.0174048079263  0.00555188137815 -0.0998457641223 1 0.0015
0.0203951578634  0.0274762604787  -0.00389353085947 0.0999241733388 1 0.0015
0.10859449869  0.0809525925504  0.0061250590996 0.0998122419898 1 0.0015
0.0220685584262  0.0349362490278  0.00820463035335 -0.0996628518595 1 0.0015
0.11106811611  0.0357637525751  0.00373339330029 -0.0999302845711 1 0.0015
0.0911458807249  0.0869165207836  -0.00552506337688 0.0998472517132 1 0.0015
0.00335815839608  0.0730434438811  -0.00321343026746 0.0999483559941 1 0.0015
0.0237766433205  0.025373220242  0.00986709296672 0.0995120117191 1 0.0015
0.0292874079131  0.0778077653658  -0.00293107901767 -0.0999570346489 1 0.0015
0.0371263456571  0.0173548814262  -0.000352454971686 0.0999993788755 1 0.0015
0.081546988815  0.0602621224714  0.0088248046584 0.0996098530405 1 0.0015
0.106000682854  0.0270218270209  0.00768498331194 -0.09970426787 1 0.0015
0.0291285273145  0.00169927040736  -0.00373021440176 0.0999304032841 1 0.0015
0.0942238449562  0.0280838244049  -0.00819765559332 0.0996634258029 1 0.0015
0.014677009731  0.0834840463662  -0.0076512655364 -0.0997068610262 1 0.0015
0.0558223081066  0.016057755965  0.00616546928476 0.0998097539747 1 0.0015
0.0172253119919  0.0625961675056  -0.00438195836412 0.0999039460727 1 0.0015
0.0711412178902  0.0729162669791  0.00933503234025 0.0995633324633 1 0.0015
0.115510742628  0.0619452286371  -0.00998842058943 0.0994999068046 1 0.0015
0.0743944536524  0.0827475211818  0.00749019048767 -0.0997190906821 1 0.0015
0.0731936020876  0.085760066745  -0.00373129301512 -0.0999303630156 1 0.0015
0.0253680001193  0.0207120896733  -0.00349893085965 -0.0999387686678 1 0.0015
0.0117697872249  0.00308038884182  -0.00155017204032 0.0999879841113 1 0.0015
0.0988873876692  0.0271513182014  0.00312432566806 -0.0999511810291 1 0.0015
0.00791017069189  0.0127460045202  -0.00185828106912 0.0999827324665 1 0.0015
0.0644615380243  0.0166236488133  -0.00163899884844 -0.0999865675117 1 0.0015
0.0752100599356  0.0376644347853  -0.00924467103852 -0.0995717633538 1 0.0015
0.0750997603598  0.0576876409772  0.00426114055566 0.0999091721573 1 0.0015
0.00238595526047  0.0308435120825  -0.00594591373514 -0.0998230740353 1 0.0015
0.0179361150392  0.071820249449  -0.00849612681572 0.0996384254649 1 0.0015
0.0886987847926  0.010883279016  -0.00427744252439 -0.0999084755436 1 0.0015
0.0949938702833  0.069919340251  -0.00237064614889 0.0999718962351 1 0.0015
0.112235731026  0.0562190328063  -0.00409630736609 -0.0999160661053 1 0.0015
0.082197941965  0.0363036307501  0.00696968561231 0.099756821734 1 0.0015
0.0623902561337  0.0737217624276  0.00481859444604 -0.0998838382701 1 0.0015
0.109827620529  0.0421335742774  -0.00647367735685 -0.0997902375059 1 0.0015
0.0419815457234  0.0635016072008  0.00806459144095 0.0996742813613 1 0.0015
0.112656430419  0.0741404128033  -0.00170054646635 -0.0999855396631 1 0.0015
0.0309474160608  0.0513302885696  -0.0044737706254 0.0998998767586 1 0.0015
0.0155858773926  0.0289435410581  -0.00844473910871 0.099642793926 1 0.0015
0.0975316094544  0.0631760547166  0.00171798685582 -0.0999852415168 1 0.0015
0.00437545481085  0.0267623907491  0.00826255957501 -0.0996580659519 1 0.0015
0.0678715703054  0.0612773305368  -0.00540664781702 0.0998537338279 1 0.0015
0.0686779259726  0.0711327351834  -0.00504279285986 0.0998727702638 1 0.0015
0.0686287648173  0.0748169970634  0.00593269780227 -0.0998238603581 1 0.0015
0.0739439972955  0.0434892220097  0.00185235129647 -0.0999828425015 1 0.0015
0.111073477307  0.0862042499588  -0.00875707431023 -0.0996158303159 1 0.0015
0.0818917494473  0.00227783961881  0.00614298136001 0.0998111405606 1 0.0015
0.0344836918324  0.0227723454036  0.00571735776129 0.0998364253178 1 0.0015
0.0684024637997  0.0268602623515  0.00552077600803 0.0998474888631 1 0.0015
0.0826654384834  0.0270329318719  0.00268650184425 0.0999639070257 1 0.0015
0.0904611330562  0.0760250144268  0.000183173322794 -0.0999998322375 1 0.0015
0.0789478465494  0.0259616968449  -0.00339820226173 0.0999422444284 1 0.0015
0.0606397293543  0.0787649191759  0.0077591127103 -0.0996985264181 1 0.0015
0.10380751227  0.0441092779878  -0.00205952277906 -0.0999787895802 1 0.0015
0.0888761336561  0.0344334438947  0.00184643000745 -0.099982952028 1 0.0015
0.0809212801817  0.0217750910271  0.00261918394623 -0.0999656934926 1 0.0015
0.0544612514502  0.0584681510973  0.00878034944766 0.0996137814942 1 0.0015
0.069137255334  0.0673211573891  0.00412234548676 -0.0999149952094 1 0.0015
0.088123360084  0.0704254336294  -0.00622771368007 0.0998058895172 1 0.0015
0.0481443249413  0.0506928967249  -0.00756727915892 -0.0997132703612 1 0.0015
0.0556303897546  0.0211070332442  -0.00455500280443 -0.0998962058812 1 0.0015
0.00256015675949  0.0115937993197  0.00113477547795 -0.0999935612158 1 0.0015
0.0519575185528  0.0796058701358  -0.00533756798941 0.0998574502376 1 0.0015
0.021259962501  0.0822336106803  0.00507845438648 0.0998709632528 1 0.0015
0.0256273344396  0.0161586817847  -0.00944524271414 0.0995529376265 1 0.0015
0.0545347183097  0.00728374009955  -0.00416454933781 -0.0999132450119 1 0.0015
0.0177445741176  0.0242834684658  0.00607962082121 -0.0998150199653 1 0.0015
0.0815947174864  0.0863100067972  -0.00513098490582 0.0998682782163 1 0.0015
0.0168212033568  0.00748349275838  0.00266322319753 -0.0999645299204 1 0.0015
0.0835072941405  0.0762038395443  -0.00737520062437 0.0997276612367 1 0.0015
0.117142540153  0.0396267447019  -0.00423122964014 0.0999104433767 1 0.0015
0.095007630731  0.0856298436077  0.00912385679322 0.0995829063505 1 0.0015
0.05795161208  0.0688342769764  0.00894465190053 0.099599162659 1 0.0015
0.0281397292806  0.0861074646885  0.00309767801452 0.0999520104396 1 0.0015
0.0534948745821  0.0540523706169  0.00085906423446 -0.0999963099751 1 0.0015
0.0315808177225  0.0209160724947  5.16697511684e-05 -0.0999999866512 1 0.0015
0.107928274727  0.052655881018  -0.00483095079148 -0.0998832414094 1 0.0015
0.0335775464773  0.00353446276547  -0.00927341564171 0.0995690903962 1 0.0015
0.00347072321245  0.0625556432005  -0.00787891679798 -0.0996891301501 1 0.0015
0.024572483179  0.0813159293707  0.00655936100255 -0.0997846420209 1 0.0015
0.11641963746  0.0438582594193  0.00242137413734 0.0999706804383 1 0.0015
0.0723375590059  0.0105026803743  0.000305041685473 -0.0999995347468 1 0.0015
0.00995955681431  0.0842243111915  0.00490882165828 0.0998794446817 1 0.0015
0.0318113014427  0.058538156413  -0.00557521696889 0.0998444638212 1 0.0015
0.108592820073  0.0335088277826  -0.00380636902398 -0.0999275315159 1 0.0015
0.00641231639487  0.0585831823517  0.00818435100508 -0.0996645192565 1 0.0015
0.0154994340426  0.0790312906935  0.00859055711214 0.0996303283569 1 0.0015
0.0483866841385  0.0859638814259  -0.00575876377802 -0.0998340454943 1 0.0015
0.0565301077929  0.0637439525099  0.00458328217517 -0.0998949124055 1 0.0015
0.00284817507277  0.0461036501713  -0.00776828570357 -0.0996978120985 1 0.0015
0.05426372384  0.0747024360206  -0.0027401498872 -0.0999624508433 1 0.0015
0.0490483352788  0.00915211409881  -0.00507029840624 -0.0998713776518 1 0.0015
0.0569969282695  0.0567941977724  0.00520077176874 -0.0998646682917 1 0.0015
0.0703859739714  0.0846966522209  0.00118023720437 0.0999930349581 1 0.0015
0.0535365447576  0.00170493003414  0.00872255094892 -0.0996188591831 1 0.0015
0.0190334009535  0.00209429892878  -0.00306342988661 -0.0999530659726 1 0.0015
0.0160912391521  0.0403978370965  0.00177018977743 -0.0999843309132 1 0.0015
0.0203902714437  0.0739017104348  0.00061845260324 0.0999980875636 1 0.0015
0.0575656072071  0.087541443263  -0.000747347930005 -0.0999972073164 1 0.0015
0.00463527996484  0.0514409945748  -0.00929826435331 -0.0995667729718 1 0.0015
0.0203659627127  0.0497540174535  -0.000293397058458 -0.0999995695899 1 0.0015
0.098486240033  0.0152995800242  -0.00265749287872 0.0999646824213 1 0.0015
0.0141433395737  0.0155147044043  -0.0031204397251 0.0999513024223 1 0.0015
0.0531118130723  0.0244895676614  0.00358312410761 0.0999357854906 1 0.0015
0.0148761135061  0.00344569614418  -0.0037890846452 0.0999281884032 1 0.0015
0.10012261065  0.0673703804334  0.00973276979925 -0.09952523897 1 0.0015
0.0781188805711  0.0396030079276  -0.00769511331862 -0.0997034865539 1 0.0015
0.0036105163019  0.0204870443951  -0.00199614577297 -0.0999800750252 1 0.0015
0.0901878005952  0.0150853686178  -0.000142292125602 -0.0999998987647 1 0.0015
0.0791703186034  0.0506586504902  0.00224308101929 -0.0999748397725 1 0.0015
0.035459324729  0.0382630119692  -0.0042729808522 -0.0999086664641 1 0.0015
0.00789685076228  0.0288951585579  -0.00590307783298 0.0998256163121 1 0.0015
0.0452313937577  0.029018367491  -0.000262036979248 0.0999996566825 1 0.0015
0.0990242375223  0.0779326810269  0.00519269366674 -0.0998650886571 1 0.0015
0.103354520144  0.0501858905861  0.00758055774288 -0.099712261755 1 0.0015
0.0213687033572  0.0621693218026  -0.00528505680909 -0.0998602432128 1 0.0015
0.0822919592292  0.0411589699674  0.00387008143641 -0.0999250842866 1 0.0015
0.0760662404879  0.0044825531066  0.00487840973298 0.0998809347097 1 0.0015
0.0203599453056  0.0883897725262  0.00977174258638 -0.0995214200402 1 0.0015
0.0726396423831  0.0302829481607  0.00856709814226 0.0996323483083 1 0.0015
0.0161634664937  0.0596713653954  0.00373254057854 0.0999303164251 1 0.0015
0.116032418178  0.0797915955251  -0.00251514431288 -0.0999683652416 1 0.0015
0.0493198062151  0.0301111954493  -0.00172857980051 -0.0999850589432 1 0.0015
0.0608025177731  0.00644586231834  -0.00972536594685 -0.0995259627293 1 0.0015
0.0867486273768  0.0375209203432  0.00737068389272 -0.0997279951616 1 0.0015
0.064746772186  0.0345661593579  0.00136142699058 0.0999907321533 1 0.0015
0.0966375106258  0.00360909893999  0.00697607689297 0.0997563749902 1 0.0015
0.0512377278974  0.0760784051308  -0.006333477844 0.0997992337566 1 0.0015
0.0819865235284  0.054897803601  -0.00396523673228 -0.099921353562 1 0.0015
0.0383089862019  0.0215821333081  0.00499662801676 0.0998750905304 1 0.0015
0.0336793760039  0.0303796813049  -0.00272780747883 -0.0999627884083 1 0.0015
0.0559998467093  0.00371636786327  -0.0047927064726 -0.0998850837947 1 0.0015
0.00174318486308  0.0252923304177  -0.00598358957778 0.0998208227564 1 0.0015
0.0479011639595  0.0337174363659  -0.00641567914085 0.099793983091 1 0.0015
